          TEST DEL EJERCICIO 6 PARA ARBOLES BINARIOS
==============================================================
Entrada: 0(_,-1)
		Salida1: 0(_,-1)
		Salida2: 1(_,1)
		Salida3: 1(_,2)
--------------------------------------------------------------
Entrada: 12(-34,56(-78,_))
		Salida1: 12(-34,56(-78,_))
		Salida2: 2(2,2(2,_))
		Salida3: 4(16,64(256,_))
--------------------------------------------------------------
Entrada: -9(97,-95(953,-951))
		Salida1: -9(97,-95(953,-951))
		Salida2: 1(2,2(3,3))
		Salida3: 512(512,512(512,512))
--------------------------------------------------------------
Entrada: 0(-21,-456(7891,23456))
		Salida1: 0(-21,-456(7891,23456))
		Salida2: 1(2,3(4,5))
		Salida3: 1(4,64(512,64))
--------------------------------------------------------------

          TEST DEL EJERCICIO 6 PARA ARBOLES N-ARIOS
==============================================================
Entrada: 123(-789,_,-456,_)
		Salida1: 123(-789,_,-456,_)
		Salida2: 3(3,_,3,_)
		Salida3: 8(512,_,64,_)
--------------------------------------------------------------
Entrada: 12(90,-78,56,-34)
		Salida1: 12(90,-78,56,-34)
		Salida2: 2(2,2,2,2)
		Salida3: 4(512,256,64,16)
--------------------------------------------------------------
Entrada: 78(-12(56,-34),_,87(-21,43,-65),-90)
		Salida1: 78(-12(56,-34),_,87(-21,43,-65),-90)
		Salida2: 2(2(2,2),_,2(2,2,2),2)
		Salida3: 256(4(64,16),_,256(4,16,64),512)
--------------------------------------------------------------
Entrada: -123(-654(1,-2,-3,-4,-5,6),_,-567(_,-321,890),789(234,-901),-456(0))
		Salida1: -123(-654(1,-2,-3,-4,-5,6),_,-567(_,-321,890),789(234,-901),-456(0))
		Salida2: 3(3(1,1,1,1,1,1),_,3(_,3,3),3(3,3),3(1))
		Salida3: 8(64(2,4,8,16,32,64),_,128(_,8,512),512(16,512),64(1))
--------------------------------------------------------------
